
# Please make this file available to others
# by sending it to <lirc@bartelmus.de>
#
# this config file was automatically generated
# using lirc-0.9.0(IRToy) on Wed May 23 14:51:15 2018
#
# contributed by 
#
# brand:                       Hitachi_Code_Group_2
# model no. of remote control: 
# devices being controlled by this remote:
#

begin remote

  name  Hitachi_Code_Group_2
  flags RAW_CODES|CONST_LENGTH
  eps            30
  aeps          100

  gap          107846

      begin raw_codes

          name POWERTOGGLE
             9023    4458     597     533     575     533
              575     533     575     533     575    1599
              597     533     575    1599     597     533
              575    1621     597    1621     597    1621
              597    1642     575     533     533    1663
              533     575     533    1663     533    1663
              533    1663     533    1685     533     575
              533    1685     533     575     533     575
              533     575     533     575     533     575
              533     575     533    1685     533     575
              533    1685     533    1685     533    1685
              533

          name POWERON
             9023    4458     597     533     575     533
              575     533     575     533     575    1599
              597     533     575    1599     597     533
              575    1621     597    1621     597    1621
              597    1642     575     533     533    1663
              533     575     533    1685     533     575
              533    1663     533    1663     533    1663
              533    1663     533    1685     533     575
              533     575     533    1663     533     575
              533     575     533     575     533     575
              533     575     533    1663     533    1663
              533

          name POWEROFF
             9023    4458     597     533     575     533
              575     533     575     533     575    1599
              597     533     575    1621     597     533
              575    1621     597    1621     597    1621
              597    1642     575     533     533    1663
              533     575     533    1685     533    1663
              533    1663     533    1663     533    1663
              533    1663     533    1663     533     575
              533     575     533     575     533     575
              533     575     533     575     533     575
              533     575     533    1663     533    1685
              533

          name INPUT1
             9023    4458     597     533     575     533
              575     533     575     533     575    1599
              597     533     575    1621     597     533
              575    1621     597    1621     597    1621
              597    1642     575     533     533    1663
              533     575     533    1663     533    1663
              533     575     533     575     533     575
              533     575     533    1663     533     575
              533     575     533     575     533    1663
              533    1663     533    1685     533    1685
              533     575     533    1663     533    1663
              533

          name INPUT2
             9023    4437     597     533     575     533
              575     533     575     533     575    1599
              597     533     575    1599     597     533
              575    1621     597    1621     597    1621
              597    1642     575     533     533    1663
              533     575     533    1685     533     575
              533    1663     533     575     533     575
              533     575     533    1685     533     575
              533     575     533    1685     533     575
              533    1663     533    1663     533    1663
              533     575     533    1685     533    1685
              533

          name INPUT3
             9023    4458     597     533     575     533
              575     533     575     533     575    1599
              597     533     575    1599     597     533
              575    1621     597    1621     597    1621
              597    1642     575     533     533    1663
              533     575     533    1663     533    1685
              533    1663     533     575     533     575
              533     575     533    1663     533     575
              533     575     533     575     533     575
              533    1663     533    1685     533    1685
              533     575     533    1685     533    1663
              533

          name INPUT4
             9023    4437     597     533     575     533
              575     533     575     533     575    1599
              597     533     575    1621     597     533
              575    1621     597    1621     597    1621
              597    1642     575     533     533    1663
              533     575     533    1685     533     575
              533     575     533    1663     533     575
              533     575     533    1663     533     575
              533     575     533    1663     533    1685
              533     575     533    1663     533    1663
              533     575     533    1663     533    1685
              533

          name INPUT5
             9023    4437     597     533     575     533
              575     533     575     533     575    1599
              597     533     575    1599     597     533
              575    1621     597    1621     597    1621
              597    1642     575     533     533    1663
              533     575     533    1685     533    1663
              533     575     533    1663     533    1685
              533    1685     533    1663     533     575
              533     575     533     575     533    1663
              533     575     533     575     533     575
              533     575     533    1663     533    1685
              533

      end raw_codes

end remote
