
# Please make this file available to others
# by sending it to <lirc@bartelmus.de>
#
# this config file was automatically generated
# using lirc-0.9.0(IRToy) on Fri Jan 22 13:21:20 2016
#
# contributed by 
#
# brand:                       lasko_air_cleaner2
# model no. of remote control: 
# devices being controlled by this remote:
#

begin remote

  name  lasko_air_cleaner2
  flags RAW_CODES
  eps            30
  aeps          100

  gap          47165

      begin raw_codes

          name power
             8938    4479     554    1578     554     511
              554     511     554     511     554     511
              554    1578     554     511     554     511
              554     511     554    1578     554     511
              554    1578     554    1578     554    1578
              554     511     575     511     554     511
              554    1578     554     511     554    1557
              554     511     554     511     554     511
              554    1578     554    1578     554     511
              554    1578     554     511     575    1557
              554    1578     575    1557     554     511
              575

          name auto
             8959    4479     554    1578     554     511
              554     511     554     511     554     511
              554    1578     554     511     554     511
              554     511     554    1578     554     511
              554    1578     554    1578     554    1578
              554     511     554     511     554    1578
              554     511     575    1557     554     511
              554     511     554     511     575     511
              554    1578     554     511     554    1578
              554     511     554    1578     554    1557
              554    1578     554    1578     554     511
              554

          name sleep
             8938    4479     554    1557     554     511
              554     511     554     511     575     511
              554    1557     554     511     554     511
              554     511     554    1557     554     511
              554    1578     554    1557     554    1578
              575     511     554     511     554     511
              554     511     554     511     554    1578
              554     511     554     511     554     511
              554    1578     554    1578     575    1557
              554    1578     575     511     554    1557
              554    1578     554    1557     554     511
              554

          name speed
             8938    4479     554    1578     554     511
              554     511     554     511     575     511
              554    1557     554     511     554     533
              554     511     554    1578     554     511
              575    1557     554    1578     554    1557
              554     511     554     533     554    1578
              554     511     575     511     554     511
              554     511     554     511     554     511
              554    1578     554     511     554    1578
              554    1578     554    1578     554    1578
              554    1578     554    1578     575     511
              554

          name timer
             8959    4479     554    1578     554     511
              575     511     554     511     554     511
              554    1578     575     511     554     511
              554     511     554    1578     554     511
              554    1578     554    1578     554    1578
              554     511     575     511     554    1578
              554     511     554     511     554    1578
              554     511     575     511     554     511
              554    1578     575     511     554    1578
              554    1578     554     511     554    1578
              554    1557     554    1578     554     511
              554

          name chuld
             8938    4479     554    1578     554     511
              554     511     554     511     554     511
              554    1578     554     511     554     511
              554     511     554    1578     554     511
              554    1578     554    1578     554    1578
              554     511     554     533     554    1557
              554    1578     554     511     554    1557
              554     511     554     511     554     511
              554    1578     554     511     575     511
              554    1557     554     511     554    1578
              554    1557     554    1578     554     511
              554

          name ion
             8959    4479     554    1578     554     511
              554     511     554     511     554     511
              554    1578     554     511     554     511
              554     511     554    1578     554     511
              554    1578     575    1557     554    1578
              554     511     554     511     554     511
              575    1557     554    1578     554     511
              554     511     554     511     554     511
              554    1578     554    1578     554     511
              554     511     554    1578     554    1557
              554    1578     554    1557     554     511
              554

          name uv
             8959    4479     554    1557     554     511
              554     511     575     511     554     511
              554    1578     554     511     554     511
              554     511     554    1578     554     511
              554    1557     554    1578     554    1578
              554     511     554     511     554     511
              554     511     554    1578     554    1578
              554     511     554     511     554     511
              554    1578     554    1557     554    1578
              554     511     554     511     554    1578
              554    1557     554    1578     554     511
              554

      end raw_codes

end remote
