
# Please make this file available to others
# by sending it to <lirc@bartelmus.de>
#
# this config file was automatically generated
# using lirc-0.9.0(IRToy) on Mon Jan 18 20:34:20 2016
#
# contributed by 
#
# brand:                       ./smy
# model no. of remote control: 
# devices being controlled by this remote:
#

begin remote

  name  ./smy
  flags RAW_CODES
  eps            30
  aeps          100

  gap          47197

      begin raw_codes

          name power
             4501    4458     554    1642     575    1642
              554    1663     554     533     618     490
              618     490     575     533     554     533
              554    1663     554    1663     554    1642
              554     533     618     490     618     490
              554     533     554     533     575     533
              554    1663     554     533     554     533
              554     533     554     533     618     469
              618     469     554    1663     554     533
              554    1642     554    1663     554    1663
              554    1642     575    1642     554    1663
              554

          name volume+
             4501    4479     554    1663     554    1663
              554    1642     554     533     554     533
              554     533     554     533     575     533
              575    1642     554    1663     554    1642
              554     533     554     533     554     533
              554     533     554     533     554    1642
              554    1663     554    1663     554     533
              575     533     554     533     554     533
              554     533     554     533     554     533
              575     533     554    1663     554    1663
              554    1642     554    1663     554    1663
              554

          name volume-
             4501    4479     554    1663     554    1663
              554    1642     575     533     554     533
              618     469     554     533     554     533
              554    1663     554    1642     554    1663
              554     533     554     533     554     533
              554     533     554     533     575    1642
              554    1663     554     533     554    1642
              575     533     554     533     554     533
              554     533     554     533     554     533
              554    1642     575     533     554    1663
              554    1663     554    1663     554    1642
              554

          name program+
             4501    4479     554    1663     554    1642
              554    1663     554     533     554     533
              618     490     554     533     554     533
              575    1642     554    1663     554    1663
              554     533     554     533     554     533
              618     469     554     533     554     533
              554    1663     618     490     618     490
              618    1599     554     533     554     533
              554     533     554    1663     554     533
              618    1599     575    1642     554     533
              554    1663     554    1663     554    1642
              554

          name program-
             4501    4479     554    1663     554    1663
              554    1663     554     533     554     533
              618     469     554     533     554     533
              554    1663     554    1642     575    1642
              554     533     554     533     554     533
              554     533     554     533     554     533
              575     533     554     533     554     533
              554    1663     554     533     554     533
              575     533     554    1663     554    1663
              554    1642     575    1642     554     533
              554    1663     554    1663     554    1642
              554

          name enter
             4501    4458     554    1642     554    1663
              554    1663     554     533     575     533
              554     533     554     533     554     533
              554    1663     575    1642     554    1663
              554     533     554     533     554     533
              554     533     554     533     554     533
              554     533     554     533     554    1642
              554     533     618    1599     554    1642
              575     533     618    1599     554    1663
              554    1642     554     533     554    1663
              554     533     618     490     554    1642
              554

          name up
             4501    4479     554    1663     554    1642
              554    1663     554     533     554     533
              554     533     554     533     554     533
              575    1642     554    1663     554    1642
              575     533     575     533     554     533
              554     533     554     533     554     533
              554     533     554     533     554     533
              554     533     554    1663     554    1663
              554     533     575    1642     554    1663
              554    1663     554    1642     554    1663
              554     533     554     533     554    1642
              575

          name down
             4501    4479     554    1642     554    1663
              554    1663     554     533     575     533
              554     533     554     533     554     533
              554    1663     554    1642     554    1663
              554     533     554     533     554     533
              554     533     554     533     554    1663
              554     533     554     533     554     533
              554     533     554    1663     554    1663
              554     533     575     533     554    1663
              554    1663     554    1642     554    1663
              554     533     554     533     554    1642
              554

          name left
             4501    4458     554    1642     575    1642
              554    1663     554     533     554     533
              575     533     554     533     554     533
              554    1663     554    1642     575    1642
              554     533     554     533     554     533
              554     533     554     533     575    1642
              554     533     554    1663     554     533
              575     533     554    1663     554    1663
              554     533     575     533     554    1663
              554     533     554    1663     554    1642
              554     533     554     533     554    1663
              554

          name right
             4501    4479     554    1663     554    1642
              554    1663     554     533     554     533
              575     533     554     533     554     533
              554    1663     554    1642     575    1642
              554     533     554     533     554     533
              554     533     575     533     554     533
              554    1663     554     533     554     533
              575     533     554    1663     554    1663
              554     533     554    1642     554     533
              554    1663     554    1642     575    1642
              554     533     554     533     554    1663
              554

          name down
             4501    4479     554    1663     554    1663
              554    1642     554     533     554     533
              554     533     554     533     554     533
              554    1642     554    1663     554    1663
              554     533     575     533     554     533
              554     533     554     533     554    1663
              554     533     575     533     554     533
              554     533     554    1663     554    1642
              575     533     554     533     554    1663
              554    1642     575    1642     554    1663
              554     533     554     533     575    1642
              554

      end raw_codes

end remote
