
# Please make this file available to others
# by sending it to <lirc@bartelmus.de>
#
# this config file was automatically generated
# using lirc-0.9.0(IRToy) on Fri Aug 19 19:59:03 2016
#
# contributed by 
#
# brand:                       ./veito_raw
# model no. of remote control: 
# devices being controlled by this remote:
#

begin remote

  name  ./veito_raw
  flags RAW_CODES|CONST_LENGTH
  eps            30
  aeps          100

  gap          108659

      begin raw_codes

          name power
             9045    4479     575     533     575    1642
              575     533     575     533     554    1642
              639     511     554    1642     639     511
              554    1642     639     511     554    1663
              618    1621     575     533     575    1663
              575     533     575    1685     554     554
              575    1685     554    1685     575     554
              554    1685     575     554     554     533
              575     533     575    1663     575     533
              575     554     554    1685     575     554
              554    1685     575    1663     575    1685
              554

          name up
             9045    4479     575     533     575    1642
              575     533     597     511     554    1642
              639     511     554    1642     639     511
              554    1663     639     511     554    1663
              618    1621     575     533     575    1685
              554     533     575    1685     554     554
              575    1685     554     533     575    1685
              554    1685     575     554     554     533
              575     533     575    1663     575     533
              575    1663     575     533     575     554
              554    1685     575    1663     575    1685
              554

          name down
             9066    4458     618     511     575    1642
              618     511     597     511     554    1642
              639     511     554    1642     639     511
              554    1663     639     511     575    1642
              618    1621     597     511     575    1685
              554     533     575    1685     554    1685
              575     554     554     554     575    1685
              554    1685     575     554     554     533
              575     533     575     554     554    1685
              575    1663     575     533     575     554
              554    1685     575    1663     575    1685
              554

          name auto
             9066    4458     618     511     575    1642
              575     533     597     511     554    1642
              639     511     554    1642     639     511
              554    1663     639     511     554    1663
              618    1621     575     533     575    1685
              554     533     575    1685     554     554
              575     533     575    1663     575    1685
              554    1685     575     554     554     554
              575     533     575    1663     575    1685
              554     533     575     533     575     554
              554    1685     575    1663     575    1685
              554

          name timer
             9066    4458     597     511     575    1642
              597     533     554     554     575    1621
              575     554     575    1621     575     554
              575    1621     575     554     575    1621
              575    1663     597     533     575    1663
              575     533     575    1663     575    1685
              554    1685     575    1663     575     533
              575    1663     575     533     575     554
              554     533     575     533     575     554
              554     533     575    1685     554     533
              575    1685     554    1685     575    1663
              575

          name level
             9066    4458     618     511     575    1642
              618     511     597     511     554    1642
              639     511     554    1663     639     511
              554    1663     639     511     554    1663
              618    1621     597     511     575    1685
              554     533     575    1685     554     533
              575     533     575     554     554    1685
              575    1663     575     533     575     554
              554     533     575    1685     554    1685
              575    1663     575     533     575     554
              554    1685     575    1663     575    1685
              554

      end raw_codes

end remote
